Monarch Manuscript Mortality Results
 =================================


-----------------------------------
 Life-table data 
-----------------------------------
    x  nx          lx dx        lower      upper strata          qx
1   2 424 0.992924528  3 0.9849783670 1.00000000   Male 0.007075472
2   4 421 0.985849057  3 0.9746704132 0.99715591   Male 0.007125891
3   6 418 0.983490566  1 0.9714362890 0.99569442   Male 0.002392344
4   8 417 0.976415094  3 0.9620770106 0.99096686   Male 0.007194245
5   9 414 0.969339623  3 0.9530683649 0.98588867   Male 0.007246377
6  10 411 0.959905660  4 0.9414128210 0.97876177   Male 0.009732360
7  11 407 0.943396226  7 0.9216551066 0.96565020   Male 0.017199017
8  12 400 0.929245283  6 0.9051563729 0.95397527   Male 0.015000000
9  13 394 0.910377358  8 0.8835908701 0.93797589   Male 0.020304569
10 14 386 0.896226415  6 0.8676634553 0.92572965   Male 0.015544041
11 15 380 0.867924528 12 0.8362886928 0.90075711   Male 0.031578947
12 16 368 0.839622642 12 0.8054107785 0.87528774   Male 0.032608696
13 17 356 0.816037736 10 0.7799792068 0.85376325   Male 0.028089888
14 18 346 0.801886792  6 0.7648319149 0.84073692   Male 0.017341040
15 19 340 0.764150943 16 0.7247923442 0.80564684   Male 0.047058824
16 20 324 0.745283019  8 0.7049438084 0.78793057   Male 0.024691358
17 21 316 0.707547170 16 0.6655470789 0.75219772   Male 0.050632911
18 22 300 0.681603774 11 0.6386733573 0.72741989   Male 0.036666667
19 23 289 0.636792453 19 0.5926226732 0.68425433   Male 0.065743945
20 24 270 0.594339623 18 0.5493927167 0.64296372   Male 0.066666667
21 25 252 0.549528302 19 0.5041535045 0.59898692   Male 0.075396825
22 26 233 0.516509434 14 0.4710677610 0.56633465   Male 0.060085837
23 27 219 0.476415094 17 0.4311708260 0.52640700   Male 0.077625571
24 28 202 0.438679245 16 0.3939003224 0.48854867   Male 0.079207921
25 29 186 0.389150943 21 0.3454034884 0.43843928   Male 0.112903226
26 30 165 0.341981132 20 0.2996821256 0.39025048   Male 0.121212121
27 31 145 0.290094340 22 0.2499612191 0.33667113   Male 0.151724138
28 32 123 0.264150943 11 0.2253497827 0.30963296   Male 0.089430894
29 33 112 0.238207547 11 0.2009235005 0.28241015   Male 0.098214286
30 34 101 0.202830189 15 0.1679502967 0.24495393   Male 0.148514851
31 35  86 0.186320755  7 0.1527125801 0.22732524   Male 0.081395349
32 36  79 0.160377358 11 0.1289907436 0.19940111   Male 0.139240506
33 37  68 0.139150943  9 0.1098165960 0.17632112   Male 0.132352941
34 38  59 0.125000000  6 0.0971717316 0.16079779   Male 0.101694915
35 39  53 0.106132075  8 0.0805154778 0.13989878   Male 0.150943396
36 40  45 0.080188679 11 0.0580909469 0.11069236   Male 0.244444444
37 41  34 0.075471698  2 0.0540880242 0.10530940   Male 0.058823529
38 42  32 0.073113208  1 0.0520967198 0.10260802   Male 0.031250000
39 43  31 0.056603774  7 0.0383781205 0.08348473   Male 0.225806452
40 44  24 0.051886792  2 0.0345422704 0.07794042   Male 0.083333333
41 45  22 0.042452830  4 0.0270135314 0.06671630   Male 0.181818182
42 46  18 0.028301887  6 0.0162030513 0.04943494   Male 0.333333333
43 47  12 0.023584906  2 0.0127836166 0.04351255   Male 0.166666667
44 48  10 0.021226415  1 0.0111216771 0.04051194   Male 0.100000000
45 51   9 0.011792453  4 0.0049338553 0.02818525   Male 0.444444444
46 52   5 0.007075472  2 0.0022911611 0.02185019   Male 0.400000000
47 57   3 0.002358491  2 0.0003329944 0.01670442   Male 0.666666667
48 72   1 0.000000000  1           NA         NA   Male 1.000000000
49  3 452 0.991150442  4 0.9825539906 0.99982211 Female 0.008849558
50  4 448 0.984513274  3 0.9731954971 0.99596267 Female 0.006696429
51  5 445 0.977876106  3 0.9644099399 0.99153030 Female 0.006741573
52  6 442 0.973451327  2 0.9587432592 0.98838503 Female 0.004524887
53  7 440 0.971238938  1 0.9559525788 0.98676974 Female 0.002272727
54  8 439 0.962389381  4 0.9450090468 0.98008937 Female 0.009111617
55  9 435 0.957964602  2 0.9396425318 0.97664393 Female 0.004597701
56 10 433 0.953539823  2 0.9343320323 0.97314248 Female 0.004618938
57 11 431 0.942477876  5 0.9212554151 0.96418923 Female 0.011600928
58 12 426 0.929203540  6 0.9058568056 0.95315199 Female 0.014084507
59 13 420 0.915929204  6 0.8907012741 0.94187168 Female 0.014285714
60 14 414 0.904867257  5 0.8782194434 0.93232364 Female 0.012077295
61 15 409 0.884955752  9 0.8560240292 0.91486530 Female 0.022004890
62 16 400 0.858407080 12 0.8268612944 0.89115638 Female 0.030000000
63 17 388 0.834070796 11 0.8004704667 0.86908152 Female 0.028350515
64 18 377 0.805309735 13 0.7696213632 0.84265302 Female 0.034482759
65 19 364 0.756637168 22 0.7180941122 0.79724899 Female 0.060439560
66 20 342 0.738938053  8 0.6995367788 0.78055860 Female 0.023391813
67 21 334 0.705752212 15 0.6649672813 0.74903864 Female 0.044910180
68 22 319 0.672566372 15 0.6306662599 0.71725024 Female 0.047021944
69 23 304 0.630530973 19 0.5875686928 0.67663460 Female 0.062500000
70 24 285 0.555309735 34 0.5113369059 0.60306404 Female 0.119298246
71 25 251 0.480088496 34 0.4361709086 0.52842810 Female 0.135458167
72 26 217 0.426991150 24 0.3837412470 0.47511557 Female 0.110599078
73 27 193 0.351769912 34 0.3103907920 0.39866540 Female 0.176165803
74 28 159 0.314159292 17 0.2741534814 0.36000295 Female 0.106918239
75 29 142 0.236725664 35 0.2006103321 0.27934274 Female 0.246478873
76 30 107 0.205752212 14 0.1716650159 0.24660804 Female 0.130841121
77 31  93 0.163716814 19 0.1329244338 0.20164235 Female 0.204301075
78 32  74 0.119469027 20 0.0930166634 0.15344399 Female 0.270270270
79 33  54 0.097345133 10 0.0735184758 0.12889379 Female 0.185185185
80 34  44 0.081858407  7 0.0601141046 0.11146800 Female 0.159090909
81 35  37 0.075221239  3 0.0544450423 0.10392562 Female 0.081081081
82 36  34 0.066371681  4 0.0469700752 0.09378738 Female 0.117647059
83 37  30 0.053097345  6 0.0359747502 0.07836964 Female 0.200000000
84 38  24 0.046460177  3 0.0305984693 0.07054431 Female 0.125000000
85 39  21 0.037610619  4 0.0235930066 0.05995669 Female 0.190476190
86 40  17 0.033185841  2 0.0201767438 0.05458264 Female 0.117647059
87 41  15 0.028761062  2 0.0168323139 0.04914349 Female 0.133333333
88 42  13 0.022123894  3 0.0119862199 0.04083578 Female 0.230769231
89 43  10 0.019911504  1 0.0104281967 0.03801885 Female 0.100000000
90 45   9 0.017699115  1 0.0089059752 0.03517399 Female 0.111111111
91 47   8 0.015486726  1 0.0074256865 0.03229852 Female 0.125000000
92 48   7 0.011061947  2 0.0046267282 0.02644778 Female 0.285714286
93 52   5 0.006637168  2 0.0021486960 0.02050174 Female 0.400000000
94 55   3 0.004424779  1 0.0011100289 0.01763798 Female 0.333333333
95 57   2 0.002212389  1 0.0003123217 0.01567188 Female 0.500000000
96 73   1 0.000000000  1           NA         NA Female 1.000000000
